Sample	15	20	25	30	35	40	45	50	55	60	65	70	75	80	85	90	95	100	105	110	115	120	125	130	135	140	145	150	TOTAL
CV_GBM_C009_trim_R1	2803283	3967721	4115217	4157156	2496224	2366856	3010790	1482412	1358040	1946219	879192	585873	259281	226940	156726	149671	169599	129920	114258	189542	219778	79005	44886	47457	48209	35923	49258	442201	40,85294224
CV_GBM_C009_trim_R2	2779041	3764620	4033629	4295613	2495535	2361418	3006884	1479776	1357550	1947702	878969	585922	289367	272220	231574	173742	166730	130426	115867	191354	219355	79616	44902	47115	48701	36146	50028	447835	41,25826071
CV_GBM_C010_trim_R1	2488609	3157984	2635603	2697734	1639324	1672026	1915723	857933	853419	939161	476673	352495	153108	138219	87012	79281	81794	77864	70560	93179	112288	37381	28549	33069	42004	27047	28594	275010	38,47808981
CV_GBM_C010_trim_R2	2465089	3050181	2581259	2754193	1639342	1671311	1912932	856536	853236	939988	476439	352711	178864	174212	137439	95725	80011	77864	71385	94362	111808	37579	28412	32966	42492	27136	29291	278880	38,90395087
CV_GBM_C011_trim_R1	2336501	3762869	3623044	3815865	2311719	2244685	2836635	1280092	1196890	1754231	814692	543551	242593	231791	129406	108701	142785	116229	88585	168971	202362	56583	34639	36467	34394	28402	44179	308565	40,38656801
CV_GBM_C011_trim_R2	2322498	3577264	3549418	3943020	2310370	2240268	2833513	1277376	1196099	1757087	814445	543349	267283	270936	193383	130525	140933	116732	89712	169968	202156	56941	34734	36248	34772	28535	44485	313376	40,77173842
CV_GBM_C016_trim_R1	1439805	2448202	2071149	2613802	1433099	1557327	1664857	828884	914953	1631665	465358	434500	105231	155870	93516	82099	107555	111454	70682	136653	299799	64652	38768	42497	41221	28993	35772	395472	43,73587043
CV_GBM_C016_trim_R2	1429866	2341305	2028462	2683163	1431648	1552879	1662160	826964	914007	1633842	465110	434246	121891	181686	133545	95751	106043	111643	71410	137221	299841	65063	38818	42365	41311	29230	36056	398309	44,09005462
CV_GBM_C018_trim_R1	2292419	3170181	3369752	3189699	1825406	1759688	2179988	996738	1197477	1603105	630597	464526	198212	205589	136920	120407	125335	131266	107047	185949	343117	83359	51215	59835	65755	37820	40012	559564	42,71845489
CV_GBM_C018_trim_R2	2271609	2963024	3300007	3342034	1825540	1756505	2176917	994631	1196748	1605215	630649	464338	224939	241064	198854	142198	123680	131012	107969	187175	342976	83826	51266	59753	66167	38115	40957	563810	43,16034855
CV_GBM_C019_trim_R1	1339289	2157653	2201230	2481682	1417805	1610832	1813466	969881	1358360	2097557	700706	455401	156742	212722	104922	105048	143502	125769	103812	197481	444725	90313	55776	63666	64581	42569	58455	892873	49,15310015
CV_GBM_C019_trim_R2	1326829	2015870	2155895	2586465	1417869	1607793	1809673	966959	1357267	2100044	700855	455276	173826	235278	147547	119213	142854	125936	105082	198687	444792	91204	55684	63227	64728	42851	59048	896066	49,50325498
CV_GBM_C020_trim_R1	1903249	3873645	3510626	4115484	2367105	2430109	2319259	1367012	1646766	2029255	711127	446155	234851	250239	138092	138878	137422	153709	127954	178832	328998	89999	66625	75358	84193	50291	52524	746068	43,54859018
CV_GBM_C020_trim_R2	1882434	3633809	3442460	4295436	2371218	2426221	2309240	1365142	1645847	2031194	711306	445906	258423	286886	213826	156826	137074	151424	128984	180490	328547	90623	66413	75162	84813	50461	54025	749635	43,94428181
CV_GBM_C028_trim_R1	839782	606527	207735	143306	78461	67177	68818	17782	21422	14007	7118	4584	3241	3254	2085	1593	1515	1001	905	1206	1635	769	424	524	424	304	354	4779	23,32817085
CV_GBM_C028_trim_R2	828670	598866	205386	142811	77796	67063	68315	17638	21411	14929	6684	4431	12594	11373	5573	2206	1403	1240	1130	1269	1650	724	400	528	445	343	357	5497	24,004785
CV_GBM_C029_trim_R1	813677	1056031	750613	661541	313109	347483	335208	161766	211083	163934	64908	39774	37041	22985	15914	11680	10819	13602	10467	14096	18926	6795	4886	6956	7369	3746	3519	40225	33,61311814
CV_GBM_C029_trim_R2	807335	1000538	735195	698055	312312	346875	334245	161498	210939	165475	64285	39214	46625	34115	32408	16027	10320	13740	10855	14326	18946	6778	4798	6927	7441	3825	3623	41433	34,20328708
CV_GBM_C030_trim_R1	1599559	2441994	1746127	1643339	688615	541780	532559	240534	309736	232694	90587	76380	26893	53367	33452	18490	16152	15414	12902	20527	40781	13151	8213	9164	10088	5129	4483	75915	31,3920594
CV_GBM_C030_trim_R2	1592984	2283795	1704528	1759809	687214	540409	530674	239748	309138	234932	89594	75688	46174	78618	70173	30510	15157	15045	13302	20818	40832	13135	8158	9135	10149	5239	4560	78507	32,05637548
CV_GBM_C031_trim_R1	817330	1040443	868892	846013	333843	438517	490178	200910	218788	280546	94637	62043	22858	37891	19186	17055	15816	15464	10564	20072	48308	11661	7384	9704	8821	4785	5132	61446	35,96685628
CV_GBM_C031_trim_R2	811899	995471	850028	872792	332612	437845	488923	200127	218722	282423	93347	61863	32966	49097	36595	22577	15364	15518	10915	20255	48319	11690	7373	9695	8874	4850	5212	62935	36,48314153
CV_GBM_C033_trim_R1	1694357	2126774	2641087	2105279	885961	1057115	1153506	523779	638206	951481	280252	289017	117778	123195	101333	59697	50813	45846	33360	57049	105417	35390	19864	23206	27857	14035	13596	154543	38,08121251
CV_GBM_C033_trim_R2	1677017	1901647	2595449	2290094	884398	1054478	1151695	522554	638246	952949	280154	289113	135324	146955	149776	75485	49467	45611	33899	57531	105319	35660	19853	23112	28017	14070	13932	157988	38,65145081
CV_GBM_C035_trim_R1	1840275	2315149	3670236	2570239	1278628	1810428	2228750	1015122	1370743	1931837	589179	439202	202635	219342	108853	86044	88483	82611	70952	131690	282757	103144	48347	43736	56306	26961	35268	454030	43,32691989
CV_GBM_C035_trim_R2	1819294	2073022	3601452	2764045	1277085	1806090	2225630	1011876	1369841	1934449	589162	438937	222898	248086	177159	109942	86583	83334	72811	132689	283061	103888	48173	43236	56378	27098	35718	459010	43,81807529
CV_GBM_C036_trim_R1	1901276	2741737	3779540	2617566	1404791	1916596	2736318	1294094	1378541	2842237	988743	819589	418493	316691	225114	173965	199476	189138	153008	276622	441802	141845	79050	76400	85599	47979	63673	502354	46,90043307
CV_GBM_C036_trim_R2	1873988	2445291	3720332	2860318	1405506	1912495	2733782	1289682	1377963	2847631	988980	821098	438571	348885	286099	197906	197622	189230	154192	277579	441601	142488	79467	76323	85748	48280	63924	507256	47,32527574
CV_GBM_C039_trim_R1	1465855	2018255	2045831	1765751	702940	735153	909869	310429	440099	451788	188638	217821	61524	67799	37299	23168	23927	28411	20823	42628	49168	13525	8523	9974	13665	7361	8677	83943	34,8354092
CV_GBM_C039_trim_R2	1454406	1782870	2016526	1964017	701320	733389	908601	310088	439613	452659	188446	216890	77492	88153	70905	34541	22716	28248	21272	42777	49124	13648	8577	9950	13769	7473	8929	86445	35,44594313
CV_GBM_C049_trim_R1	2046789	2736359	3297598	2581264	1118826	1488464	1619058	681213	943802	1265926	418408	321421	149665	244750	95207	70917	75640	79129	41267	105447	184785	70430	31111	31451	43206	26065	25909	342716	40,08177829
CV_GBM_C049_trim_R2	2026755	2493291	3243875	2772181	1118002	1486548	1616031	679159	943083	1267935	418296	319667	171251	271914	155971	91822	74058	78502	41782	105862	184727	70847	31198	31394	43354	26201	26079	347038	40,59392984
CV_GBM_C050_trim_R1	2651999	3675321	4684206	2910381	1574277	2284943	2078459	958379	1408911	1148738	487080	384920	180016	292343	115753	100336	93656	75443	77672	127600	188789	52684	29838	32582	60567	32339	26826	440215	39,11032429
CV_GBM_C050_trim_R2	2626187	3113020	4608728	3415517	1573419	2283448	2073154	954612	1411078	1150197	487639	382702	205851	331884	186881	127011	92311	73938	78549	128220	188852	52999	29843	32404	60814	32442	27077	445496	39,70377764
DC_1023_trim_R1	1445003	1654624	2259848	2156098	1143836	2268956	2084406	939287	2536845	1437664	472564	364281	88303	244623	63632	58594	67319	34089	54983	126129	126217	43243	22594	53396	39134	28234	39030	517877	45,05846479
DC_1023_trim_R2	1434816	1446484	2219770	2332952	1142119	2266906	2082588	935361	2538041	1439535	472403	363879	104263	264460	96294	73462	66680	33671	55874	126649	126843	43625	22556	53283	40711	27007	39135	521442	45,41894998
DC_1027_trim_R1	1847688	2085304	2626543	2921546	1211167	3196191	2498943	954433	1933442	1540037	470321	353635	100204	312328	84509	88286	102623	53491	72614	202338	162643	66717	30430	63709	48118	29774	46460	506973	43,71214237
DC_1027_trim_R2	1839995	1952905	2569005	3019561	1209469	3192223	2497034	950953	1933605	1541932	470125	353783	118087	337307	126834	104965	103265	52474	73699	202790	163118	67142	30492	63551	48589	29729	46618	511217	44,04045862
DC_1030_trim_R1	2078213	2253793	2619435	2448817	1324782	3506603	2824351	1212749	1853147	2116686	625335	406781	117401	382732	83422	105697	117662	61021	77689	190200	219950	73698	34797	69730	51817	32333	77163	475374	44,47737147
DC_1030_trim_R2	2061618	1978950	2570739	2687651	1323205	3500131	2819739	1207690	1853176	2119675	625380	407149	138090	409942	126190	121086	117851	60432	80789	191219	220625	74455	34453	69036	52810	31732	77235	480330	44,85554674
DC_1032_trim_R1	1261604	1529392	2038853	1962078	1246314	2547474	2485731	1236515	2724360	2048863	797282	631831	187794	453771	146960	136542	150010	79284	149711	281096	296075	116052	59764	114305	86963	55792	100317	1051889	52,28191152
DC_1032_trim_R2	1248024	1192319	2010102	2270620	1245076	2544714	2483404	1230103	2725648	2051765	798134	632904	201055	469891	176094	149938	150119	78101	150644	281735	296638	116586	59914	114284	89256	53931	100486	1055137	52,62060852
DC_1037_trim_R1	1279762	1367058	1548299	1322405	1016906	1494598	1730376	796403	2721280	1155577	509539	372292	112705	250435	88927	66630	92435	43331	76152	154416	154305	56495	27553	73984	66129	30862	42487	561515	48,65707382
DC_1037_trim_R2	1265908	1138014	1521453	1527765	1016149	1492200	1728486	791655	2722635	1157474	510200	372063	127223	266224	114125	77444	92874	42555	76710	154880	154977	56682	27586	73887	68154	28878	42560	564095	49,03450131
DC_2011_trim_R1	2088444	2146577	2225431	2489311	1312158	2713891	2399753	879629	2057565	1398575	457070	261012	125232	261577	87822	76352	83257	63211	71499	202433	145737	57129	29195	42307	46011	26746	40968	365898	42,80302048
DC_2011_trim_R2	2068825	1844139	2182661	2750377	1311162	2711049	2397927	876459	2057906	1400659	456952	261694	147791	288413	126743	92663	84200	61083	72375	202855	145982	57535	29177	42183	46769	26402	41174	369635	43,23397559
DC_2012_trim_R1	1383905	1935589	2114069	1842245	1547405	3151082	2294861	1082218	4697865	1664877	995218	540615	207460	924810	157680	116568	195070	87203	253930	1919372	325207	142378	61387	191170	196570	131106	120714	1090335	56,43059583
DC_2012_trim_R2	1373064	1301616	2082289	2446138	1552056	3141435	2293489	1075258	4701502	1666890	996440	528594	234245	924195	201025	132985	195763	85467	254153	1917295	326129	142875	61516	190816	198603	129445	121051	1096575	56,81796621
DC_2014_trim_R1	2981590	2885633	2940638	3298137	1646928	3189171	2997593	1185719	1701176	2580404	455519	215531	98874	122213	87359	62534	81816	16715	10378	19223	25262	9137	5771	4295	3854	4299	3781	72488	37,74755525
DC_2014_trim_R2	3003304	2609211	2946380	3575108	1645930	3186602	2994989	1182232	1700707	2584122	454894	216186	130039	144640	83067	40563	27528	15281	11239	19583	25304	9540	5878	4032	3987	4545	3835	77312	37,76470531
DC_2017_trim_R1	1357097	1763442	2258948	2796184	1454687	2462215	2732933	1465337	2196945	3349035	913597	672042	208014	293456	167444	128715	203470	113333	125017	237383	607417	123675	95459	111945	60244	45884	100461	658054	50,31916474
DC_2017_trim_R2	1348231	1427897	2217825	3096082	1453438	2458663	2730179	1460474	2195724	3352676	913671	672975	224564	313560	201148	145432	202490	113464	126992	238547	608047	124684	95796	111478	60943	45223	100654	661576	50,65624769
DC_2019_trim_R1	1968536	2370298	2829735	3923797	1924348	3333797	3385742	1745663	2801959	3445473	950946	566132	220718	282589	187942	135648	187863	128567	117530	213404	419594	107005	74356	87931	47176	36286	48812	435103	45,89206616
DC_2019_trim_R2	1953493	2119236	2786219	4132123	1922760	3330511	3384033	1741194	2800808	3450098	951004	567039	242975	311047	227654	153775	181817	126792	118404	213986	419971	107450	74571	87828	48230	35305	49072	439555	46,16997103
DC_3007_trim_R1	1741436	2384079	2897360	2758596	1319945	2060801	2236287	1129772	1190941	2727548	637125	404517	140649	228716	116967	101641	138214	76772	69703	126696	384284	66022	46957	52205	38770	26939	63259	290684	43,91808482
DC_3007_trim_R2	1743296	2087024	2861158	3031644	1320668	2058428	2232882	1126172	1190076	2731719	636516	405691	159551	247397	150180	104976	120455	76617	70950	127488	384622	66751	47086	51645	38952	27029	63781	294131	44,19374162
DC_3024_trim_R1	1609628	1823010	2518253	2253060	1333781	2796931	2805708	1429322	3071721	3384780	1010216	663359	202671	367635	161720	99131	182932	120897	105718	211535	541474	109142	90140	71097	66968	38907	81798	717690	49,96770021
DC_3024_trim_R2	1588684	1389144	2487648	2651333	1332333	2793332	2803245	1424929	3069735	3389129	1010724	663170	223913	387726	194177	114528	180938	122041	107140	212320	542139	110153	90434	70687	67697	38402	81965	721558	50,33215134
DC_3028_trim_R1	1598397	1780774	2065110	2085063	1110817	1927312	2693852	1000938	1346269	2763578	504376	301576	169316	187123	95144	63727	103552	63665	51472	116604	213400	51724	44265	38944	23855	19024	24306	182689	44,06135865
DC_3028_trim_R2	1592571	1479573	2036882	2359187	1109691	1924161	2691493	997180	1345489	2767812	504169	302450	188032	206857	121854	69051	94623	63822	52354	117106	213495	52306	44454	38526	24117	18993	24363	186261	44,39482269
DC_3030_trim_R1	1552524	1981349	2555344	2626261	1325432	2268230	2300583	1002050	2110785	2038501	577806	358766	129422	165503	90624	64011	91321	62072	60416	117658	233189	52132	46540	41187	29648	24507	25822	294044	43,53139405
DC_3030_trim_R2	1558356	1662069	2495780	2906816	1324391	2265812	2298832	999624	2109808	2041084	577942	359035	147806	187305	130504	78508	88833	62176	61314	118356	233428	52586	46591	40992	29838	24439	26219	297283	43,92779188
DC_3031_trim_R1	1613196	2170484	2515234	2703455	1697910	2558313	3145382	1819437	1743743	3736731	944928	630759	201930	354207	138383	112884	167821	118266	83377	153790	480407	68276	57922	65006	49703	34965	55298	427609	47,15677808
DC_3031_trim_R2	1613758	1957405	2470471	2885092	1694605	2555283	3142574	1814490	1742547	3742212	944776	631838	219936	376910	170486	124356	160697	118462	84603	154566	480654	68941	58240	64665	50255	34540	55390	431664	47,40885159
DC_3042_trim_R1	1038719	1425507	2014416	2110458	1297582	2808889	3298754	1703719	2600845	3698510	1313542	841408	354646	463471	265354	227846	329736	239988	258856	451636	760659	239442	129367	171999	130528	99736	129855	1735623	58,4855729
DC_3042_trim_R2	1030618	1241084	1985955	2269721	1296137	2804368	3295635	1697958	2599615	3702937	1313349	840994	368178	480625	296039	237974	322916	241182	260456	452872	761129	240495	129723	171474	131182	99603	129832	1739040	58,69030952
DC_3047_trim_R1	1026880	1427611	2364288	2438388	1360975	2613516	2488331	1376208	3069501	2718864	1004560	609239	237913	363065	179667	161577	219890	168890	226216	319785	804366	205714	124834	156652	118770	82649	87621	1579464	56,39526001
DC_3047_trim_R2	1019985	1187159	2324572	2644216	1360056	2611354	2485799	1371665	3067679	2722954	1004787	610025	249988	380265	217481	177120	218509	168776	227107	320821	804765	206402	125172	156441	119219	82069	87867	1583181	56,67490732
DC_3049_trim_R1	1096141	1518469	2478401	2403788	1441946	2839503	2527059	1705956	2078493	3575817	1093426	726213	247296	545899	211277	167214	244338	197738	132887	272247	925110	225033	96421	135623	115437	88382	160136	1408352	55,91134348
DC_3049_trim_R2	1088434	1344932	2434373	2544158	1441608	2837499	2522609	1699207	2076959	3581822	1093691	728666	258167	563852	250240	184053	242584	198153	133951	273294	925280	225867	96795	135530	117172	87119	160293	1412294	56,16835811
DC_3051_trim_R1	1052391	1494004	1958989	1717206	1122040	1699621	2490267	1565633	1664849	3294291	1377327	773587	328343	402152	270006	236713	342947	282369	264077	518817	936156	232633	113235	185172	150699	100080	113919	1368655	59,61343774
DC_3051_trim_R2	1041958	1354593	1927390	1830002	1119677	1695746	2487393	1559976	1663012	3299825	1377397	779019	336053	421216	298069	250384	340248	283507	265664	520101	936191	233242	113559	185010	151209	100470	114100	1371167	59,84841177
DC_3059_trim_R1	1114643	1552936	2373056	2054810	1367985	2743762	2855982	2062972	2481339	4242497	1387500	960748	304128	568208	240475	204729	339545	255057	262149	503996	1125111	281988	111461	191627	171265	97378	138917	1603443	58,67051081
DC_3059_trim_R2	1100862	1269615	2322505	2318029	1366101	2740587	2853740	2055820	2432157	4282703	1401260	967300	312535	586115	276909	220271	338223	256671	263783	505679	1125662	282998	111737	191205	172022	96895	140216	1606107	58,95238632
DC_3060_trim_R1	1947202	2124918	2380085	2895725	1441816	2820991	2526129	1505912	1781129	2956318	940789	595818	249553	367173	190211	167576	235598	184602	152814	328775	719858	158241	83503	121015	88313	75938	78762	830996	50,35868966
DC_3060_trim_R2	1942068	1894319	2330629	3082974	1440060	2818203	2523541	1501443	1779728	2961356	940520	597274	270974	393605	225444	184727	232879	184930	153803	329580	719854	158901	83817	120674	88973	75473	78862	835149	50,66103144
DC_3079_trim_R1	1327663	1764711	2614926	3010585	1532675	2933647	2938495	1692439	1991181	3022292	931178	582008	235831	355135	156401	134422	183686	149230	135559	268658	594046	159778	85846	122435	73343	55671	62622	706785	49,79797348
DC_3079_trim_R2	1315761	1493790	2573833	3241710	1531889	2929890	2935279	1687747	1990346	3025954	931243	583887	250704	374926	200894	151235	180086	149627	136856	269729	594343	160528	86038	122103	74155	55217	63019	710459	50,11309809
DC_3083_trim_R1	2018147	2436864	3055668	2896508	1691585	2898539	3247475	1406005	1377069	2535910	692505	415498	261497	271526	127417	93889	141292	117669	87655	206946	402599	95876	42745	58108	49062	23912	45232	352750	44,1326841
DC_3083_trim_R2	1992708	2073757	3015087	3205374	1689389	2893068	3244316	1401756	1375944	2539167	692227	415963	285014	301102	180199	112928	139181	119032	89665	207963	402687	96620	42801	57658	49470	23841	45413	357618	44,55942965
DC_3099_trim_R1	731540	950326	1195594	1273234	787570	1671065	1717662	1162539	2181313	2770468	870795	719040	247915	431789	237536	174462	267076	197972	228015	502307	707279	245462	179254	152526	154741	90229	108723	900568	60,97827995
DC_3099_trim_R2	721698	764012	1181889	1440093	786376	1669236	1715510	1157124	2181115	2774270	870853	718371	257229	442008	255717	184182	265161	198296	228200	502884	707620	246090	179587	152338	156506	88907	109927	901801	61,21297214
DC_3112_trim_R1	1247447	1574754	1788876	1977242	1030958	1724751	1999128	889484	1443275	1917097	543838	372021	147959	207697	99821	82898	116771	80695	70461	153745	270084	63089	42786	56223	43635	30945	37744	309962	46,39756729
DC_3112_trim_R2	1235363	1333641	1758416	2187106	1029269	1722434	1997043	886069	1442563	1920009	543759	372065	163332	226390	129098	95761	115870	81017	71380	154368	270320	63575	42906	55984	44086	30739	38284	312539	46,79163092
DC_3117_trim_R1	2308927	2857440	2773042	2302250	2185671	1984682	4473371	1682602	1657624	2561700	779498	341739	200635	89235	60196	33706	66372	39759	59390	89481	57877	18448	10347	18273	16894	11177	37151	167339	40,71153948
DC_3117_trim_R2	2284334	2533735	2730372	2584753	2181597	1972632	4471828	1677298	1658414	2563661	779245	341745	226235	128042	99928	51572	64633	40301	61217	90423	57795	18892	10534	18048	17075	11609	37249	171659	41,11066704
GB22_32_trim_R1	1846955	2200955	2963361	3460537	2114697	2728517	5238941	2579180	2420574	5185187	2198599	1002998	585183	564275	374425	241255	305259	262833	237883	493147	323124	162422	82175	75049	63508	47451	72410	837615	50,68631987
GB22_32_trim_R2	1827485	2095687	2902900	3528238	2114789	2717556	5232002	2572315	2419317	5190194	2198292	1004859	604861	596386	429453	261942	302423	263831	240193	495141	322786	163667	82972	74608	63654	49010	72567	841387	50,92497759
GB22_33_trim_R1	4726470	5433331	5381938	3962526	2378349	2318221	3960006	1483675	1207747	2337521	822830	411232	344641	497342	158917	117253	106871	110061	93168	174563	118072	73963	31851	26496	30536	19700	32116	312751	37,58873458
GB22_33_trim_R2	4683870	5196533	5263437	4099211	2378712	2310877	3955030	1480689	1207713	2339059	822098	412653	395657	570139	269452	147730	103092	110195	94750	175750	117854	74578	32087	26229	30975	20195	32318	321264	38,09235535
GB23_01_trim_R1	1204540	1946351	2881058	2605080	2031279	2941759	3512115	1907835	2276401	3980454	1527601	848947	271581	358217	197149	161976	225301	155526	135358	248782	450684	158404	75269	65437	44373	41683	77811	529088	49,32739306
GB23_01_trim_R2	1193978	1833505	2825827	2681560	2029734	2937835	3509503	1902607	2276383	3984099	1527701	853923	282350	382048	245103	179891	222588	156480	136533	249642	450781	159429	75688	65194	45145	41211	77880	533441	49,57998817
GB23_03_trim_R1	859297	1234464	2066883	1703199	1571192	2214660	3281337	1966367	2841774	4778130	1905753	1037723	432450	481035	284452	212489	355277	274528	237997	446853	1238478	295826	167717	157828	107837	82944	116032	1770405	60,60879353
GB23_03_trim_R2	851735	1118693	2029950	1795326	1569503	2210295	3278210	1959206	2839898	4784225	1906467	1042741	437823	495901	319505	225012	352691	275198	239134	447948	1238504	297025	168776	157572	107888	83820	116112	1773769	60,79529677
GB23_05_trim_R1	768269	1056945	1279091	1108215	903912	1440157	1510241	1146281	1418258	3343654	1160081	690200	203237	303719	184988	164165	348941	218740	174968	388327	776749	162441	109773	113511	79617	73792	125309	1245790	61,67565678
GB23_05_trim_R2	759182	956933	1256848	1187767	902597	1436936	1507565	1141006	1416657	3347979	1160116	695053	208326	316360	208076	172315	348022	220292	176656	389397	776983	164062	110066	112636	79555	74664	125363	1247959	61,9045077
GB23_06_trim_R1	780788	1032656	1256435	984339	919368	1156157	1530745	943808	1793656	2679972	1045020	626921	189160	327454	150818	107022	216304	150718	117739	272441	662913	150004	72646	72377	53683	44792	89218	833376	58,26978653
GB23_06_trim_R2	770577	970819	1233676	1026436	918499	1153825	1528720	938426	1793397	2683836	1045597	627574	197659	340574	174755	115855	215510	151671	118493	273157	663001	150621	72851	72220	53658	45113	89202	834808	58,49753348
GB23_08_trim_R1	849727	1275101	2051606	1646045	1455488	2097965	2452309	1582969	2627425	4055565	1775237	1276756	261259	376020	207825	178625	350924	221526	221769	426935	747430	243642	153430	143211	97394	82610	154519	1777110	60,14908187
GB23_08_trim_R2	836979	1144389	2016986	1747503	1454473	2094168	2450285	1575682	2626474	4060870	1776439	1279415	270482	392532	241887	195454	348549	222362	222749	427826	747670	244601	154406	143196	97437	83298	154703	1779607	60,37512007
GB23_11_trim_R1	990562	1241671	2137817	1215243	1165737	1368111	1990991	1317245	1991575	3467498	1215250	562580	277922	321864	136896	103283	156475	125432	115062	237769	617894	132635	62905	83191	59069	38112	60943	1201114	56,15890906
GB23_11_trim_R2	977297	1148215	2098233	1285455	1165482	1363824	1987831	1312136	1989508	3472075	1215614	562757	289291	338641	173887	118003	155225	125837	116140	238826	617991	133736	63426	82802	59056	38465	61004	1204089	56,43322508
GB23_12_trim_R1	1398744	1539627	2222141	1322200	773904	1057340	1439411	658115	923835	1505787	427356	276829	171068	130866	68960	58596	71495	57563	47663	100345	179255	58754	27346	32689	32936	17885	28633	279536	43,85021872
GB23_12_trim_R2	1380998	1371859	2181717	1459020	773085	1054336	1437148	655907	923306	1507934	427208	276392	188411	151595	109714	71940	70482	57736	48632	101125	179405	58999	27156	32530	33001	18094	28942	282207	44,34585156
GB23_14_trim_R1	1190231	1584668	2887952	1629832	1040295	1502051	2305471	1031406	1224568	2074659	763814	438546	327929	249158	110295	84822	102168	97138	66622	138757	295666	79255	38376	42099	46677	24624	32276	342356	46,44687744
GB23_14_trim_R2	1176377	1340832	2835433	1840476	1038910	1497749	2302869	1027521	1223711	2078392	763976	436412	345735	268746	160046	102984	100211	98045	67883	139507	295693	79818	37829	42442	46801	24746	32264	346303	46,90175044
GB23_16_trim_R1	977300	949891	1113404	976937	453478	1092516	1176232	623541	919951	1709185	471635	284556	98324	215064	84543	72714	116130	72591	48299	124328	226384	89113	43767	53620	46463	30173	73433	278172	50,36267492
GB23_16_trim_R2	966189	883582	1093356	1026944	452579	1091167	1174507	620949	919251	1712274	471231	284944	110435	226792	102967	79089	115312	72985	48842	124758	226625	89456	43881	53473	47124	29639	73465	279928	50,66538161
GB23_17_trim_R1	1165285	1326543	1773847	1796530	1080576	2305611	2437263	1202733	3462402	2332537	1158704	587056	185931	281016	119114	80334	148824	104561	103927	201721	443653	126366	88302	111253	85503	61976	75138	1163478	54,04798626
GB23_17_trim_R2	1152493	1094917	1744381	1996165	1078743	2302929	2435593	1198962	3460294	2336116	1159848	585391	203996	297882	146656	95671	147186	105219	104986	202545	444325	126907	88555	111168	86597	60984	75187	1166488	54,34857725
GB23_18_trim_R1	1319059	1347916	1654616	1466536	785260	1609683	1788704	987415	1541793	1942411	875567	520438	155193	238213	106701	87663	128838	90791	78171	146438	374987	105238	71352	75718	73147	50585	62222	544187	50,68546483
GB23_18_trim_R2	1305012	1135022	1629017	1648898	784498	1607807	1786616	983174	1541022	1945818	875768	520266	172202	254267	132647	100405	127416	91544	79068	147139	375206	105679	71625	75673	74317	49446	62228	547062	51,05182381
GB23_20_trim_R1	1288072	1654140	2989674	2210209	1183760	2601512	2854695	1494348	1647279	2978808	965371	801499	239705	357204	176747	140276	187892	136249	95487	203194	370820	118564	59966	81237	66238	49706	84548	580710	49,12796321
GB23_20_trim_R2	1271447	1435598	2938527	2393638	1182483	2599484	2851603	1489252	1645932	2983578	965304	803140	255527	377383	226784	157377	186464	136902	96439	203980	370873	119037	60289	81314	66848	49511	84606	584590	49,4743935
GB23_22_trim_R1	1142171	1187596	1548399	1343892	760687	1557267	1753800	910373	1850751	2076620	838533	459329	144565	201826	76728	58400	91183	61903	56134	108965	274728	80914	46713	52994	56965	36237	58852	441490	49,73738332
GB23_22_trim_R2	1130171	1003175	1523909	1503313	759732	1554616	1751262	906497	1849759	2080251	838863	458646	159972	216679	101045	68598	89243	62767	57226	109765	275334	81384	46658	52827	57378	35840	58834	444271	50,08099542
GB23_26_trim_R1	1116272	1347934	1713168	1992441	928305	2185818	2204860	1223022	1736209	2904508	988678	599228	187670	398450	156469	121324	191124	175489	104966	232849	570788	190643	111619	118233	103435	67575	81596	797740	54,00514195
GB23_26_trim_R2	1101920	1107921	1691355	2198166	928348	2183376	2202092	1218127	1733968	2909724	988782	598842	203288	412915	184444	134508	189748	176676	105997	233795	570924	191458	112023	118064	104392	66897	81740	800923	54,31922489
GB23_27_trim_R1	1213430	1460479	1880496	1881535	1311141	2700637	2558514	1350938	6048687	2115543	1104412	675486	218855	523602	143325	111169	171700	93749	147210	270910	346099	145201	78974	176650	167222	79664	135396	1786417	56,37054212
GB23_27_trim_R2	1202500	1163491	1848437	2147297	1309856	2696963	2556040	1342240	6050560	2118972	1106324	671532	237706	538067	174073	126407	172496	93370	148607	271935	347975	145600	78514	176429	168712	78326	135492	1789520	56,6477132
GB23_28_trim_R1	1209152	1391689	1541514	1595510	1129441	1965789	2277227	977138	3936213	1589157	783900	496197	179976	377416	121465	101276	143795	69254	114495	210314	280900	96244	62121	118854	99740	60690	83955	1103019	53,57673868
GB23_28_trim_R2	1201996	1100443	1514623	1862606	1128793	1962043	2275622	970987	3937054	1591356	784789	494700	194513	391103	145308	112258	144142	68281	115104	210951	281725	96631	62178	118710	101570	59165	83967	1105823	53,88613747
GB23_32_trim_R1	989250	1160997	1341877	1275923	989527	1564447	1482816	891522	4723437	1520231	980560	508071	170614	235670	73245	55085	101221	46407	76278	162835	182213	79281	47805	99341	107195	48241	70452	1237342	55,2922124
GB23_32_trim_R2	981702	947934	1318113	1466063	987578	1562089	1480661	885323	4724791	1522417	982192	505679	185232	247833	93985	66410	101554	46030	76862	163512	183634	79640	47876	99128	108228	47047	70554	1239816	55,58088779
GB23_33_trim_R1	1042327	1207428	1561472	1494233	921005	2401915	2136620	1157638	5010408	1938577	917370	503986	166621	532978	114577	106133	151618	91861	120543	252928	362386	113351	64831	127938	134947	58882	70977	1172938	55,31240464
GB23_33_trim_R2	1031346	991020	1537164	1688429	919396	2399410	2134147	1152924	5010365	1941146	918551	501472	181820	545940	137716	117315	151949	91370	121145	253600	363221	113591	64864	127935	136049	57938	71087	1175578	55,56728915
GB23_36_trim_R1	1205694	1363289	1624538	1219392	940577	1577436	1493784	942715	3125201	1639959	909418	473691	180668	357087	94588	82292	110332	60253	109038	188289	247681	86950	45387	106356	98191	41667	50611	903114	53,01413389
GB23_36_trim_R2	1195060	1070840	1597078	1484970	939242	1575462	1491416	937947	3126423	1642317	909985	472240	197917	372357	118535	94495	108971	60227	109629	188907	248445	87380	45538	106177	99799	39958	50782	906101	53,3865022
GB23_40_trim_R1	1738916	1810613	2629323	2117710	1297270	2729034	2712393	1504091	4497788	2310233	1033621	665783	275209	584806	161135	136637	166855	96268	164633	308115	301659	116939	58248	92152	130544	54636	84366	1101000	51,38116246
GB23_40_trim_R2	1713873	1539668	2591626	2356890	1296287	2724812	2709322	1497105	4498201	2313259	1034358	666794	294310	607085	198826	153401	166064	97088	165777	309324	303453	117540	57926	91833	131805	53775	84597	1104978	51,69745616
GB23_42_trim_R1	806076	1232084	1345555	1359817	1022626	1614909	1784671	1055720	5290122	1564100	1066443	459335	207589	441170	141570	110195	171348	107885	138192	210425	336642	106881	72392	126436	198292	75469	85368	1354670	57,74273234
GB23_42_trim_R2	812902	829316	1345602	1754828	1022284	1612719	1783165	1049592	5290073	1566740	1068939	455552	221957	444701	150664	112897	146253	106381	138958	211363	338525	106970	72570	126418	199735	73702	85476	1357700	57,92809605
GB23_47_trim_R1	1057733	1395095	1662326	1563824	1125038	1751128	1851263	950356	6109877	1400143	940955	556480	207674	367981	142733	94182	145032	85992	128969	200071	235490	102597	57536	118223	146513	56994	65754	1273069	54,90729995
GB23_47_trim_R2	1050879	1084645	1635372	1849150	1123313	1749243	1850261	942976	6111957	1402827	942543	555268	222177	380737	165727	107463	142951	85293	129176	200698	236809	102715	57475	118284	148265	54964	65784	1276076	55,20037067
GB23_49_trim_R1	1241323	1448134	1979331	2097049	1269482	2416262	3259980	1620595	4386714	3681163	1346223	621354	230598	379191	152606	95739	164028	119420	115807	201122	652490	134290	82234	143736	70892	51719	89796	925369	53,20510996
GB23_49_trim_R2	1228559	1191153	1949645	2323143	1265954	2413105	3257305	1616149	4384528	3686533	1347607	619902	248967	397105	180276	110240	161291	119826	117201	202009	653558	135039	82580	143364	71695	50968	89836	929109	53,46661227
GB23_50_trim_R1	917080	1162533	1564587	1649281	1089610	2335142	2881783	1251499	5918470	2879129	1825568	643679	264625	331726	165581	91193	183679	124586	134252	199847	549493	114752	93670	123576	77309	54906	69152	1066805	55,43036196
GB23_50_trim_R2	911928	945194	1536234	1841789	1086148	2331357	2880194	1246253	5915339	2882752	1829582	641180	278736	345306	186335	105636	182846	125450	135584	201019	551565	115212	93755	123409	78341	53513	69210	1069646	55,65775106
GB23_52_trim_R1	845328	1169356	1439036	1665463	1151657	2288060	2073727	1198910	5543647	2852103	1374774	641144	250280	328357	176202	108112	200958	122574	137851	228103	642103	142665	135549	167931	86157	59250	80504	1884825	59,34839864
GB23_52_trim_R2	843917	904379	1409253	1906071	1148575	2285366	2072675	1193798	5539967	2858419	1377122	640219	263631	340844	196488	120732	199370	122725	138472	228800	643280	143485	136056	167722	87182	57855	80571	1887652	59,58593221
GB23_56_trim_R1	898233	1165529	1415478	1372286	997283	1422283	1980528	817186	2381072	1819844	870434	366798	150605	214724	102076	73566	112778	79619	72160	122916	412892	85024	54949	80300	41933	40100	41012	549901	51,61717388
GB23_56_trim_R2	891636	1013194	1392212	1503347	993939	1420295	1979232	814010	2380133	1822835	871256	364914	164089	227283	120489	86147	111246	79734	72859	123508	413438	85485	55230	80090	42734	38977	41034	552163	51,89772725
GB23_57_trim_R1	1416818	1732887	2785015	2643982	1494777	2944212	3393015	1698145	1525397	3757878	1067329	594891	204041	360851	145354	130279	200419	127913	105663	208850	658007	93851	76496	84898	49152	39129	109252	480195	48,86782967
GB23_57_trim_R2	1404893	1415186	2741178	2925649	1493702	2941460	3389622	1692831	1524254	3763584	1067535	598293	217685	379551	187533	145622	198989	128386	106815	209546	658232	94693	76916	84557	49594	38805	109334	484251	49,19312612
GB23_58_trim_R1	1337040	1719600	2073152	1699995	1172369	2604250	3329742	1429428	1773267	3050412	1326958	777491	265183	298890	208343	142781	241502	148430	146577	243300	435935	102453	93862	92129	56375	50018	63262	512553	50,64418561
GB23_58_trim_R2	1321621	1488782	2042609	1899943	1170981	2600608	3327928	1425965	1772254	3054645	1327644	778936	281126	319169	237621	155297	239294	149001	147345	243803	436122	103034	94326	91964	56448	49993	63289	515549	50,9310913
GB23_59_trim_R1	2480922	2387297	2088448	1671136	1124122	1250591	2321297	955892	787402	2449296	466212	306431	188481	128306	102175	68678	91510	60234	51200	132614	113716	27249	15999	18917	19914	11900	22842	129748	40,71513104
GB23_59_trim_R2	2456064	2264117	2049620	1760902	1123565	1244281	2319015	952528	786828	2452868	465760	307171	213054	161686	137046	77663	89830	60465	52170	133377	113667	27795	16137	18614	20022	12087	22871	133326	41,10044027
GB24_01_trim_R1	655585	702938	750549	911870	533229	1170590	1147240	600011	1354574	1479033	477669	240964	83836	146631	61837	38856	74800	53591	44335	90429	268547	42339	37441	46721	29378	19585	27206	396764	52,14869689
GB24_01_trim_R2	649214	568097	740038	1031326	532895	1168935	1145747	597811	1353586	1481510	477899	240740	92121	154848	72682	44474	74418	54065	45037	90815	268881	42777	37573	46563	29480	19528	27192	398296	52,45522458
GB24_02_trim_R1	1582882	2311841	3645883	3675535	1949674	3548973	3297459	2003762	2568210	3359228	1073929	687704	215891	405110	172105	143105	191433	180447	162844	262841	637141	166512	72111	133300	94152	49824	80438	978617	48,94372138
GB24_02_trim_R2	1567460	1907550	3583372	4023826	1947371	3545627	3294031	1998316	2566901	3364862	1074157	688035	236337	433325	233426	168278	188293	181261	164396	263970	637653	167443	72466	132802	95273	48857	80566	985097	49,32193774
GB24_04_trim_R1	985738	1248463	1479220	1658710	982574	1538666	1618841	923629	2529464	1755320	791576	411801	152693	267411	102442	79077	115410	91318	92736	153821	432661	100177	49359	107585	67401	48039	65428	964559	53,8708597
GB24_04_trim_R2	977339	1025698	1456117	1853307	981617	1536713	1617533	919346	2527894	1758853	792360	411023	166653	282319	123145	92162	114178	91318	93087	154380	433159	100622	49681	107466	68341	47167	65396	967245	54,19579838
GB24_05_trim_R1	1075577	1403028	2009617	2431347	1227060	2636533	2531505	1517738	2316227	2878288	1078870	590584	211574	404548	127439	114809	166937	123723	133981	206044	602134	107910	69345	107829	98142	60563	88357	839860	52,34214167
GB24_05_trim_R2	1076066	1201383	1964691	2603522	1225955	2632797	2528116	1511825	2314093	2883280	1080300	596450	218802	420781	160425	129599	165142	124799	135425	207109	602890	108743	69418	107488	99119	59595	88512	843244	52,6174097
GB24_14_trim_R1	651104	815028	1155194	1270661	785197	1599467	1606845	987673	2580788	1716741	838268	422314	158483	278410	101471	75860	125328	100504	101066	148404	457333	107955	61165	98642	77618	44915	52475	910817	56,59267636
GB24_14_trim_R2	645791	669548	1138372	1400557	783824	1597249	1605336	984082	2579193	1719424	839235	423552	166510	288082	117101	85127	121596	100589	102217	149221	458215	108496	60922	98584	78577	43833	52468	912025	56,82437247
GB24_20_trim_R1	968926	1362301	2301493	2464918	1579828	3551963	3625980	2297468	3239321	4278789	1423140	932258	306940	645420	212219	169803	263933	243525	260612	419549	906800	263614	108599	155224	147470	78987	118144	1260237	55,9449979
GB24_20_trim_R2	959043	1134399	2271426	2663766	1579472	3549156	3623112	2289202	3237174	4285909	1423905	939109	312957	660843	247161	184239	256271	244003	261424	420449	907233	264532	109166	154971	151161	75257	118143	1263978	56,14961042
GB24_21_trim_R1	982637	1419313	2081490	2361640	1353803	2320182	2431471	1415326	2804183	2550171	1062546	569649	181870	379703	129658	95792	155099	137031	132951	246585	744317	162425	72827	139971	110910	63805	79351	994501	53,72371159
GB24_21_trim_R2	981430	1119127	2043068	2625965	1353539	2317911	2428602	1408863	2803276	2554922	1063468	570306	194632	394904	161121	113588	153322	137167	133841	247401	744903	162686	72928	140394	111314	63201	79381	997947	54,03630722
GB24_29_trim_R1	1135967	1456782	1612056	2045281	1199119	2114214	1604233	1223558	4532432	2680812	1120797	513962	197068	396045	144954	100560	166839	128418	144949	227180	709783	164490	90525	171741	154055	71776	94820	1743249	57,98760467
GB24_29_trim_R2	1127865	1137549	1588011	2329275	1197410	2111564	1603141	1217678	4524455	2688591	1125707	513499	212740	411458	168784	115086	165203	128492	145601	228178	710982	165328	90860	171391	154911	70654	94911	1746341	58,28284243
GB24_32_trim_R1	1188998	1639862	2331896	2529613	1588335	2953249	2923659	1784968	2767791	3055089	1295713	703814	244855	521196	185362	145356	237098	221531	231639	385088	1126857	312423	126148	211684	179131	102649	154396	1746345	57,67618927
GB24_32_trim_R2	1178001	1250898	2303276	2874911	1588765	2949604	2919190	1779832	2766188	3058981	1296660	705880	258357	538269	219035	162809	235521	223028	233361	386385	1127677	312934	126683	211597	180434	101137	154506	1750826	57,9824038
GB24_33_trim_R1	1356026	1193387	1084254	993384	549929	1155000	730050	621463	949974	1794985	381842	219102	85141	333685	57199	55731	103133	64026	59228	164009	304144	92649	41450	96482	60541	47766	55010	643574	52,4482264
GB24_33_trim_R2	1340131	1079119	1071779	1088897	549579	1153855	728966	617451	948444	1799345	381887	217932	100889	347098	70415	62253	102498	64131	59536	164468	304413	93035	41500	96268	60600	47979	54989	645707	52,76633238
GB24_37_trim_R1	1524666	1938873	2401998	2910055	1578300	2751616	3066167	1861991	2220870	3137175	954360	668120	202536	525189	174541	121914	207646	153802	122600	293581	775697	187289	77366	123853	98201	56542	77587	507162	49,92383294
GB24_37_trim_R2	1513074	1571296	2364754	3233754	1577651	2747932	3062816	1854830	2220297	3142706	954759	669039	220513	545284	209260	143387	206008	154252	123874	294722	776054	187870	77709	123562	99623	55365	77673	511633	50,26438319
GB24_39_trim_R1	302211	372395	479135	563031	370380	892385	1141634	697884	919556	1471932	470576	351502	115391	350691	124200	91234	187666	155060	135926	293830	773696	189404	82357	169285	141809	67866	99631	937705	69,71822103
GB24_39_trim_R2	298735	306151	472113	620889	370374	891280	1139992	695091	918905	1474209	470731	352859	118245	354429	131699	95155	187271	155690	136483	294190	773763	189239	82588	169748	143408	66072	99751	939312	69,89047713