Sample	fastqc-percent_duplicates	fastqc-percent_gc	fastqc-avg_sequence_length	fastqc-median_sequence_length	fastqc-percent_fails	fastqc-total_sequences
CV_GBM_C009_trim_R1	98.01073207484508	59.0	42.831906174106976	37	45.45454545454545	31.531637
CV_GBM_C009_trim_R2	97.71661799855735	58.0	43.23695663184249	37	45.45454545454545	31.531637
CV_GBM_C010_trim_R1	97.2794255791439	58.0	40.45849442725207	32	45.45454545454545	21.051643
CV_GBM_C010_trim_R2	96.97050603273857	58.0	40.88407973667424	32	45.45454545454545	21.051643
CV_GBM_C011_trim_R1	97.9610235003474	59.0	42.3703251356902	37	45.45454545454545	28.495426
CV_GBM_C011_trim_R2	97.74569644784341	58.0	42.755242297483115	37	45.45454545454545	28.495426
CV_GBM_C016_trim_R1	98.02804765894183	59.0	45.705156277870245	37	45.45454545454545	19.313834999999997
CV_GBM_C016_trim_R2	97.74398951963371	58.0	46.05912013331376	37	45.45454545454545	19.313834999999997
CV_GBM_C018_trim_R1	97.93387696101072	58.0	44.685056029256	37	45.45454545454545	25.130978
CV_GBM_C018_trim_R2	97.63373363266048	58.0	45.1266962630742	37	45.45454545454545	25.130978
CV_GBM_C019_trim_R1	98.21337512106389	58.0	51.090710393128596	42	45.45454545454545	21.466818
CV_GBM_C019_trim_R2	97.89095092874825	58.0	51.44064211100127	42	45.45454545454545	21.466818
CV_GBM_C020_trim_R1	97.99750393045902	58.0	45.51074921826987	37	45.45454545454545	29.573825
CV_GBM_C020_trim_R2	97.70769534724536	58.0	45.90625992748655	37	45.45454545454545	29.573825
CV_GBM_C028_trim_R1	95.07066999277342	59.0	25.32475846514453	22	45.45454545454545	2.100732
CV_GBM_C028_trim_R2	94.68339982580251	59.0	26.0008599383453	22	45.45454545454545	2.100732
CV_GBM_C029_trim_R1	97.1268317685086	58.0	35.60139791882642	27	45.45454545454545	5.148153
CV_GBM_C029_trim_R2	96.77146233693067	58.0	36.19121488813561	32	45.45454545454545	5.148153
CV_GBM_C030_trim_R1	97.46510206477596	58.0	33.38122268456727	27	45.45454545454545	10.508025
CV_GBM_C030_trim_R2	97.19092125569057	58.0	34.04516876387333	27	45.45454545454545	10.508025
CV_GBM_C031_trim_R1	97.0685469907339	59.0	37.95151596453365	32	45.45454545454545	6.008287
CV_GBM_C031_trim_R2	96.72203877787346	58.0	38.467429485309204	32	45.45454545454545	6.008287
CV_GBM_C033_trim_R1	98.07631062918085	57.0	40.0660906836772	32	45.45454545454545	15.329792999999999
CV_GBM_C033_trim_R2	97.80160327948596	57.0	40.63599188847495	32	45.45454545454545	15.329792999999999
CV_GBM_C035_trim_R1	98.39621641970759	58.0	45.29743862881465	37	45.45454545454545	23.100946999999998
CV_GBM_C035_trim_R2	98.0923425557984	57.0	45.788270671327886	42	45.45454545454545	23.100946999999998
CV_GBM_C036_trim_R1	98.12310559170332	57.0	48.873339566321114	42	45.45454545454545	27.812237
CV_GBM_C036_trim_R2	97.85788210660904	56.0	49.29791785536705	42	45.45454545454545	27.812237
CV_GBM_C039_trim_R1	98.10979909610896	57.0	36.824695665151346	32	45.45454545454545	11.752844
CV_GBM_C039_trim_R2	97.87302765252086	57.0	37.43491026512391	32	45.45454545454545	11.752844
CV_GBM_C049_trim_R1	98.65261897799617	58.0	42.05624924050829	32	45.45454545454545	20.136823
CV_GBM_C049_trim_R2	98.3921014779267	57.0	42.5680788374611	32	45.45454545454545	20.136823
CV_GBM_C050_trim_R1	97.7290502222007	58.0	41.085096365427226	32	45.45454545454545	26.174273
CV_GBM_C050_trim_R2	97.39989089844597	58.0	41.67824707108389	32	45.45454545454545	26.174273
DC_1023_trim_R1	98.70682580454316	58.0	47.02033102858114	42	45.45454545454545	20.370808999999998
DC_1023_trim_R2	98.37923692237658	58.0	47.38055371291342	42	45.45454545454545	20.370808999999998
DC_1027_trim_R1	98.92577524649685	59.0	45.67993379800578	42	45.45454545454545	23.610467
DC_1027_trim_R2	98.60135904806418	59.0	46.007980422411805	42	45.45454545454545	23.610467
DC_1030_trim_R1	98.65869407717689	59.0	46.44934386022644	42	45.45454545454545	25.441378
DC_1030_trim_R2	98.33852236134322	58.0	46.827226929296046	42	45.45454545454545	25.441378
DC_1032_trim_R1	98.46880494078633	58.0	54.21610435781988	47	45.45454545454545	23.976622
DC_1032_trim_R2	98.13189909590167	58.0	54.55459816232662	47	45.45454545454545	23.976622
DC_1037_trim_R1	98.38905114813807	58.0	50.60814106037952	47	45.45454545454545	17.212856
DC_1037_trim_R2	98.04951604676661	58.0	50.98534371634783	47	45.45454545454545	17.212856
DC_2011_trim_R1	98.52733843916926	59.0	44.77824718717713	42	45.45454545454545	22.15479
DC_2011_trim_R2	98.21448175332894	59.0	45.20894928365378	42	45.45454545454545	22.15479
DC_2012_trim_R1	98.20690462852163	59.0	58.37491139617095	52	45.45454545454545	29.370908999999997
DC_2012_trim_R2	97.85931640458402	59.0	58.76196308735286	52	45.45454545454545	29.370908999999997
DC_2014_trim_R1	98.49203888637948	58.0	39.74348381440931	37	45.45454545454545	26.706038
DC_2014_trim_R2	98.37473914739954	58.0	39.76036291867779	37	45.45454545454545	26.706038
DC_2017_trim_R1	98.31894640119877	58.0	52.28219877941459	47	45.45454545454545	26.702433
DC_2017_trim_R2	98.02935934596204	58.0	52.61908388647581	47	45.45454545454545	26.702433
DC_2019_trim_R1	98.33124052897479	58.0	47.87165600534135	42	45.45454545454545	31.97695
DC_2019_trim_R2	98.11032046302802	58.0	48.14935203326146	42	45.45454545454545	31.97695
DC_3007_trim_R1	98.5968385390396	58.0	45.899496416510544	42	45.45454545454545	23.456885
DC_3007_trim_R2	98.33917448967684	58.0	46.17493279691656	42	45.45454545454545	23.456885
DC_3024_trim_R1	98.76789408563067	57.0	51.929072119123234	47	45.45454545454545	27.869224
DC_3024_trim_R2	98.51816162481457	57.0	52.29331505606328	47	45.45454545454545	27.869224
DC_3028_trim_R1	98.68854504085124	58.0	46.04807338213957	42	45.45454545454545	20.626872
DC_3028_trim_R2	98.45555327551877	58.0	46.381277660519736	42	45.45454545454545	20.626872
DC_3030_trim_R1	98.59233130079872	58.0	45.51154920601697	42	45.45454545454545	22.225727
DC_3030_trim_R2	98.37335564105243	58.0	45.90772844010907	42	45.45454545454545	22.225727
DC_3031_trim_R1	98.76621410300905	58.0	49.13374659274722	47	45.45454545454545	27.849415999999998
DC_3031_trim_R2	98.54117932653375	58.0	49.385601694484365	47	45.45454545454545	27.849415999999998
DC_3042_trim_R1	98.38851564074135	58.0	60.39919797528231	52	45.45454545454545	30.141091
DC_3042_trim_R2	98.0919341172235	58.0	60.603764541900624	52	45.45454545454545	30.141091
DC_3047_trim_R1	98.2391828819576	58.0	58.309218296686375	52	45.45454545454545	27.535434
DC_3047_trim_R2	97.88995236584137	58.0	58.5886631203997	52	45.45454545454545	27.535434
DC_3049_trim_R1	97.86217817602997	58.0	57.83762990253328	52	45.45454545454545	28.658602
DC_3049_trim_R2	97.49146479152317	58.0	58.09443820741849	52	45.45454545454545	28.658602
DC_3051_trim_R1	98.03689282936307	58.0	61.53464711900571	52	45.45454545454545	26.056178
DC_3051_trim_R2	97.73542576168242	58.0	61.76947653259047	57	45.45454545454545	26.056178
DC_3059_trim_R1	98.40930627230107	58.0	60.59439248234057	52	45.45454545454545	31.597707
DC_3059_trim_R2	98.10488107361589	58.0	60.87614153457401	52	45.45454545454545	31.597707
DC_3060_trim_R1	97.97946242995431	58.0	52.31409199935885	47	45.45454545454545	27.949759999999998
DC_3060_trim_R2	97.69929558635354	58.0	52.61621089054074	47	45.45454545454545	27.949759999999998
DC_3079_trim_R1	98.41516260228435	58.0	51.75986672129158	47	45.45454545454545	27.821247999999997
DC_3079_trim_R2	98.15370806475721	58.0	52.074793247952066	47	45.45454545454545	27.821247999999997
DC_3083_trim_R1	98.65489002977027	58.0	46.11312306404434	42	45.45454545454545	27.049948
DC_3083_trim_R2	98.4062286003711	58.0	46.53959867131722	42	45.45454545454545	27.049948
DC_3099_trim_R1	98.31094536982313	58.0	62.913512633648175	57	45.45454545454545	20.857
DC_3099_trim_R2	98.00284432121855	57.0	63.148116148055806	57	45.45454545454545	20.857
DC_3112_trim_R1	98.42505853181818	58.0	48.37219299969995	42	45.45454545454545	18.323386
DC_3112_trim_R2	98.13239261144611	58.0	48.76604566972502	42	45.45454545454545	18.323386
DC_3117_trim_R1	98.38521786557452	59.0	42.70220303824916	42	45.45454545454545	26.884826
DC_3117_trim_R2	98.15770281753974	59.0	43.10108957000503	42	45.45454545454545	26.884826
GB22_32_trim_R1	98.39722051476545	59.0	52.65382773297604	47	45.45454545454545	38.668515
GB22_32_trim_R2	98.12077105632846	59.0	52.89233914206429	47	45.45454545454545	38.668515
GB22_33_trim_R1	98.33520762945614	60.0	39.575942131231095	32	45.45454545454545	36.672146999999995
GB22_33_trim_R2	98.06783110299459	60.0	40.07921469664702	32	45.45454545454545	36.672146999999995
GB23_01_trim_R1	98.33975897010275	59.0	51.30167593004278	47	45.45454545454545	30.860059
GB23_01_trim_R2	98.10599047166927	59.0	51.55405945594595	47	45.45454545454545	30.860059
GB23_03_trim_R1	98.40006533872592	58.0	62.52612336665336	57	45.45454545454545	32.122927
GB23_03_trim_R2	98.12819602939175	58.0	62.712469523714326	57	45.45454545454545	32.122927
GB23_05_trim_R1	98.50040599654697	58.0	63.584498617055125	57	45.45454545454545	20.499371
GB23_05_trim_R2	98.16897347120387	58.0	63.81319082912349	57	45.45454545454545	20.499371
GB23_06_trim_R1	98.64415939230442	58.0	60.201329369958046	57	45.45454545454545	18.26053
GB23_06_trim_R2	98.37531057972295	58.0	60.42895868849371	57	45.45454545454545	18.26053
GB23_08_trim_R1	98.52860264554354	58.0	62.05649326710112	57	45.45454545454545	28.790422
GB23_08_trim_R2	98.24584260935312	58.0	62.28240136598206	57	45.45454545454545	28.790422
GB23_11_trim_R1	98.36202808657583	58.0	58.07845881146046	52	45.45454545454545	22.394845999999998
GB23_11_trim_R2	98.05349753772968	58.0	58.35257556582439	52	45.45454545454545	22.394845999999998
GB23_12_trim_R1	98.23394788262686	57.0	45.82209427013258	42	45.45454545454545	14.908878999999999
GB23_12_trim_R2	97.92670769346209	57.0	46.31745837497239	42	45.45454545454545	14.908878999999999
GB23_14_trim_R1	98.71653603899425	58.0	48.420877968495994	47	45.45454545454545	19.751711
GB23_14_trim_R2	98.42490475485735	58.0	48.875451220403136	47	45.45454545454545	19.751711
GB23_16_trim_R1	98.33807980245417	58.0	52.32908398369826	47	45.45454545454545	12.421743999999999
GB23_16_trim_R2	98.04409182226456	58.0	52.63157862535245	47	45.45454545454545	12.421743999999999
GB23_17_trim_R1	98.48799820434593	58.0	55.975299731147416	52	45.45454545454545	24.010184
GB23_17_trim_R2	98.17664658080092	58.0	56.2757026768308	52	45.45454545454545	24.010184
GB23_18_trim_R1	98.42582331974793	58.0	52.64068521192954	47	45.45454545454545	18.228842
GB23_18_trim_R2	98.12803477995564	58.0	53.006807618388486	47	45.45454545454545	18.228842
GB23_20_trim_R1	98.49964089372699	57.0	51.093961021800766	47	45.45454545454545	25.61791
GB23_20_trim_R2	98.25247518025836	57.0	51.44016412736246	47	45.45454545454545	25.61791
GB23_22_trim_R1	98.63596914832902	58.0	51.69905512872862	47	45.45454545454545	17.278015
GB23_22_trim_R2	98.37057619264428	57.0	52.042425793703735	47	45.45454545454545	17.278015
GB23_26_trim_R1	98.40099850952936	58.0	55.95207817258159	47	45.45454545454545	22.550413
GB23_26_trim_R2	98.10389511501968	58.0	56.26594938638153	47	45.45454545454545	22.550413
GB23_27_trim_R1	98.57392221125212	57.0	58.2778133018768	57	45.45454545454545	28.897440999999997
GB23_27_trim_R2	98.24589607545956	57.0	58.55482331463191	57	45.45454545454545	28.897440999999997
GB23_28_trim_R1	98.30062496271628	58.0	55.50192879134577	47	45.45454545454545	22.116441
GB23_28_trim_R2	97.97207366490635	58.0	55.81113740226106	52	45.45454545454545	22.116441
GB23_32_trim_R1	98.6442009870261	58.0	57.200429999520814	57	45.45454545454545	20.221883
GB23_32_trim_R2	98.29734675680345	58.0	57.48892187735435	57	45.45454545454545	20.221883
GB23_33_trim_R1	98.79632378893731	58.0	57.23890150468189	57	45.45454545454545	23.936488
GB23_33_trim_R2	98.48772564655509	58.0	57.49362057625162	57	45.45454545454545	23.936488
GB23_36_trim_R1	98.52259087947333	58.0	54.94386430723453	52	45.45454545454545	19.278198
GB23_36_trim_R2	98.18183135761757	58.0	55.316000203960975	52	45.45454545454545	19.278198
GB23_40_trim_R1	98.68378471608796	58.0	53.32397750870785	47	45.45454545454545	28.879977
GB23_40_trim_R2	98.35660388419451	58.0	53.64006460254453	47	45.45454545454545	28.879977
GB23_42_trim_R1	98.0125744920919	58.0	59.652364704374484	57	45.45454545454545	22.485982
GB23_42_trim_R2	97.69633028108508	58.0	59.837526286377	57	45.45454545454545	22.485982
GB23_47_trim_R1	98.04877169348536	58.0	56.82704099284883	57	45.45454545454545	23.793028
GB23_47_trim_R2	97.73383800463765	57.0	57.11992214694153	57	45.45454545454545	23.793028
GB23_49_trim_R1	98.84902235712434	58.0	55.157207474695056	52	45.45454545454545	28.976647
GB23_49_trim_R2	98.60824458926332	58.0	55.41851617614695	52	45.45454545454545	28.976647
GB23_50_trim_R1	98.639479955434	58.0	57.37272489616137	57	45.45454545454545	27.763513
GB23_50_trim_R2	98.40791525367483	58.0	57.59996049491287	57	45.45454545454545	27.763513
GB23_52_trim_R1	98.28058697374456	58.0	61.24366529471458	57	45.45454545454545	26.994626
GB23_52_trim_R2	97.98076931985307	58.0	61.48104178216805	57	45.45454545454545	26.994626
GB23_56_trim_R1	98.84032353699727	59.0	53.57068113540962	47	45.45454545454545	17.741509
GB23_56_trim_R2	98.57357418060796	59.0	53.85104325116877	47	45.45454545454545	17.741509
GB23_57_trim_R1	98.72164961121842	58.0	50.842222636271515	47	45.45454545454545	28.128695999999998
GB23_57_trim_R2	98.49751520569832	58.0	51.16730279640407	47	45.45454545454545	28.128695999999998
GB23_58_trim_R1	98.71847378808953	58.0	52.61391113086805	47	45.45454545454545	25.395297
GB23_58_trim_R2	98.49293728984094	58.0	52.90063985075662	47	45.45454545454545	25.395297
GB23_59_trim_R1	98.8770962606452	57.0	42.70513634875059	37	45.45454545454545	19.472528999999998
GB23_59_trim_R2	98.676856355966	57.0	43.09016995173046	42	45.45454545454545	19.472528999999998
GB24_01_trim_R1	98.62439563826389	58.0	54.09688445997875	47	45.45454545454545	11.486547999999999
GB24_01_trim_R2	98.34359114039194	58.0	54.403212087739504	47	45.45454545454545	11.486547999999999
GB24_02_trim_R1	98.3378689757069	58.0	50.900099272082976	47	45.45454545454545	33.650951
GB24_02_trim_R2	98.02694373700245	58.0	51.278026778500255	47	45.45454545454545	33.650951
GB24_04_trim_R1	98.39533497804858	58.0	55.793957957850694	47	45.45454545454545	18.814118999999998
GB24_04_trim_R2	98.08419181480346	58.0	56.11868249052746	47	45.45454545454545	18.814118999999998
GB24_05_trim_R1	98.56353774534655	58.0	54.29206966939696	47	45.45454545454545	25.159568999999998
GB24_05_trim_R2	98.26739212731344	58.0	54.567135947360626	47	45.45454545454545	25.159568999999998
GB24_14_trim_R1	97.70518838604498	58.0	58.51383925516191	52	45.45454545454545	17.329726
GB24_14_trim_R2	97.28632335911747	58.0	58.745430799078996	52	45.45454545454545	17.329726
GB24_20_trim_R1	98.5107873512736	58.0	57.88871631291213	52	45.45454545454545	33.587461
GB24_20_trim_R2	98.24066010507809	58.0	58.09316176057488	52	45.45454545454545	33.587461
GB24_21_trim_R1	98.31076085327187	58.0	55.664466220083895	47	45.45454545454545	25.179206999999998
GB24_21_trim_R2	98.0047372449411	58.0	55.976856558667635	47	45.45454545454545	25.179206999999998
GB24_29_trim_R1	98.11022636830106	58.0	59.88682199897362	57	45.45454545454545	25.945664999999998
GB24_29_trim_R2	97.78581610479232	58.0	60.18188100015937	57	45.45454545454545	25.945664999999998
GB24_32_trim_R1	97.98691104402381	58.0	59.59140081913607	52	45.45454545454545	30.894745
GB24_32_trim_R2	97.6576069369729	58.0	59.89739779370246	52	45.45454545454545	30.894745
GB24_33_trim_R1	96.97483996183479	58.0	54.37560553680072	47	45.45454545454545	13.293163999999999
GB24_33_trim_R2	96.6356422750084	57.0	54.693470832075796	47	45.45454545454545	13.293163999999999
GB24_37_trim_R1	98.075443893488	59.0	51.897344390506625	47	45.45454545454545	28.719697
GB24_37_trim_R2	97.77137889059114	58.0	52.23766112504599	47	45.45454545454545	28.719697
GB24_39_trim_R1	98.10522724959708	58.0	71.60050143232903	62	45.45454545454545	11.948371999999999
GB24_39_trim_R2	97.68528611035124	58.0	71.7725557925381	62	45.45454545454545	11.948371999999999
